layer	dropout	epochslearningrate	correct	total	result%
[500, 100]	0.0	80	0.001	938	1040	0.9019230769230769
[500, 100]	0.1	40	0.01	941	1040	0.9048076923076923
[500, 100]	0.1	40	0.001	939	1040	0.9028846153846154
[500, 100]	0.1	60	0.01	933	1040	0.8971153846153846
[500, 100]	0.1	60	0.001	945	1040	0.9086538461538461
[500, 100]	0.1	80	0.01	925	1040	0.8894230769230769
[500, 100]	0.1	80	0.001	939	1040	0.9028846153846154
[500, 100]	0.2	40	0.01	921	1040	0.885576923076923
[500, 100]	0.2	40	0.001	937	1040	0.9009615384615385
[500, 100]	0.2	60	0.01	923	1040	0.8875
[500, 100]	0.2	60	0.001	940	1040	0.9038461538461539
[500, 100]	0.2	80	0.01	937	1040	0.9009615384615385
[500, 100]	0.2	80	0.001	932	1040	0.8961538461538462
